
						THỐNG KÊ GIAO DỊCH												
						Ngày xuất:	8/12/2022 2:48 PM											




	STT	Ngày	Mã	\"Tham
 chiếu"	"Mở 
cửa"	"Đóng
 cửa"	"Cao
nhất"	"Thấp
 nhất"	"Trung
 bình"	Thay đổi giá		GD khớp lệnh		GD thỏa thuận		Tổng giao dịch		"Vốn hóa
 thị trường"
										+/-	%	KL	GT	KL	GT	KL	GT	
	1	1/4/2022	NVL	91.0	90.5	89.0	90.5	88.5	89.4	-2,000	-2.20	2,536,200	226,586	0	0	2,536,200	226,586	171,807,497
	2	1/5/2022	NVL	89.0	89.0	89.1	89.1	87.8	88.2	100	0.11	2,391,300	211,152	500,000	44,500	2,891,300	255,652	172,000,540
	3	1/6/2022	NVL	89.1	88.5	88.2	90.0	87.8	88.5	-900	-1.01	2,428,400	214,931	780,000	70,200	3,208,400	285,131	170,263,160
	4	1/7/2022	NVL	88.2	88.2	86.4	88.6	86.4	87.2	-1,800	-2.04	3,022,700	263,297	900,000	78,600	3,922,700	341,897	166,788,402
	5	1/10/2022	NVL	86.4	86.4	83.9	88.0	83.9	85.3	-2,500	-2.89	2,916,500	248,641	650,000	56,550	3,566,500	305,191	161,962,349
	6	1/11/2022	NVL	83.9	83.9	84.5	85.0	82.3	83.6	600	0.72	2,675,600	223,569	640,000	53,760	3,315,600	277,329	163,120,601
	7	1/12/2022	NVL	84.5	83.6	83.8	84.5	82.4	82.8	-700	-0.83	2,055,700	170,403	720,000	59,960	2,775,700	230,363	161,769,307
	8	1/13/2022	NVL	83.8	84.0	83.5	84.0	82.2	82.6	-300	-0.36	2,558,200	211,681	650,000	53,950	3,208,200	265,631	161,190,180
	9	1/14/2022	NVL	83.5	82.1	82.0	83.5	81.7	82.3	-1,500	-1.80	3,070,800	252,228	830,000	68,190	3,900,800	320,418	158,294,548
	10	1/17/2022	NVL	82.0	82.0	80.0	83.0	78.8	80.0	-2,000	-2.44	2,767,000	221,287	750,000	61,560	3,517,000	282,847	154,433,706
	11	1/18/2022	NVL	80.0	80.0	80.1	80.1	79.1	79.5	100	0.13	2,687,600	214,050	1,000,000	80,000	3,687,600	294,050	154,626,748
	12	1/19/2022	NVL	80.1	79.5	80.0	80.0	78.1	78.8	-100	-0.12	2,391,700	189,159	1,010,000	80,800	3,401,700	269,959	154,433,706
	13	1/20/2022	NVL	80.0	79.5	80.2	80.2	78.3	78.7	200	0.25	3,504,400	277,930	1,260,000	100,800	4,764,400	378,730	154,819,790
	14	1/21/2022	NVL	80.2	80.2	80.0	80.2	78.6	78.9	-200	-0.25	2,613,100	207,031	820,000	65,600	3,433,100	272,631	154,433,706
	15	1/24/2022	NVL	80.0	78.5	78.1	80.0	78.1	78.7	-1,900	-2.38	2,844,300	223,369	0	0	2,844,300	223,369	150,765,905
	16	1/25/2022	NVL	78.1	78.2	79.0	79.8	77.8	78.7	900	1.15	1,729,300	136,160	1,130,000	89,270	2,859,300	225,430	152,503,284
	17	1/26/2022	NVL	79.0	79.7	79.4	79.7	78.3	78.6	400	0.51	1,630,700	128,637	1,540,000	119,160	3,170,700	247,797	153,275,453
	18	1/27/2022	NVL	79.4	79.2	79.0	80.0	78.5	0.0	-400	-0.50	2,236,000	177,155	2,520,000	198,600	4,756,000	375,755	152,503,284
	19	1/28/2022	NVL	79.0	79.5	79.9	79.9	78.6	79.0	900	1.14	1,554,600	123,221	1,890,000	148,450	3,444,600	271,671	154,240,663
	20	2/7/2022	NVL	79.9	79.5	80.0	82.0	79.5	80.3	100	0.13	1,993,900	160,025	1,530,000	122,400	3,523,900	282,425	154,433,706
	21	2/8/2022	NVL	80.0	80.0	79.2	80.0	79.1	79.5	-800	-1.00	2,143,700	170,318	1,140,000	91,200	3,283,700	261,518	152,889,368
	22	2/9/2022	NVL	79.2	79.7	79.0	79.8	78.3	78.8	-200	-0.25	2,658,700	209,551	2,000,000	157,550	4,658,700	367,101	152,503,284
	23	2/10/2022	NVL	79.0	79.1	78.5	79.1	78.0	78.3	-500	-0.63	2,961,900	232,049	1,780,000	140,180	4,741,900	372,229	151,538,074
	24	2/11/2022	NVL	78.5	78.5	78.1	78.5	77.7	78.1	-400	-0.51	1,978,900	154,507	1,220,000	95,160	3,198,900	249,667	150,765,905
	25	2/14/2022	NVL	78.1	78.0	78.0	78.4	76.7	77.5	-100	-0.13	2,814,400	218,394	1,300,000	101,400	4,114,400	319,794	150,572,863
	26	2/15/2022	NVL	78.0	78.0	79.0	79.6	77.5	78.0	1,000	1.28	2,724,200	212,599	2,070,000	161,460	4,794,200	374,059	152,503,284
	27	2/16/2022	NVL	79.0	79.9	78.1	79.9	77.8	78.8	-900	-1.14	2,680,400	210,882	1,660,000	131,140	4,340,400	342,022	150,765,905
	28	2/17/2022	NVL	78.1	78.2	79.0	79.0	77.3	77.7	900	1.15	3,864,700	301,497	1,330,000	103,740	5,194,700	405,237	152,503,284
	29	2/18/2022	NVL	79.0	78.2	78.5	78.8	77.6	78.1	-500	-0.63	3,218,300	251,407	1,280,000	100,200	4,498,300	351,607	151,538,074
	30	2/21/2022	NVL	78.5	78.5	78.5	78.6	78.0	78.2	0	0.00	2,583,200	202,132	1,950,000	152,100	4,533,200	354,232	151,538,074
	31	2/22/2022	NVL	78.5	77.5	78.1	78.5	77.4	77.8	-400	-0.51	2,974,200	231,379	1,020,000	79,560	3,994,200	310,939	150,765,905
	32	2/23/2022	NVL	78.1	78.0	77.4	78.1	77.4	77.7	-700	-0.90	2,354,600	182,789	1,210,000	94,080	3,564,600	276,869	149,414,610
	33	2/24/2022	NVL	77.4	77.4	76.0	77.4	75.8	76.5	-1,400	-1.81	2,726,800	208,524	800,000	61,600	3,526,800	270,124	146,712,020
	34	2/25/2022	NVL	76.0	76.5	76.3	76.5	74.4	75.5	300	0.39	3,718,400	281,096	750,000	57,000	4,468,400	338,096	147,291,147
	35	2/28/2022	NVL	76.3	76.5	75.3	76.6	75.0	75.6	-1,000	-1.31	2,855,200	215,660	1,925,000	146,030	4,780,200	361,690	145,360,725
	36	3/1/2022	NVL	75.3	75.3	75.4	76.0	74.8	75.3	100	0.13	3,281,200	247,096	1,580,000	119,700	4,861,200	366,796	145,553,767
	37	3/2/2022	NVL	75.4	75.3	76.4	77.8	75.2	76.3	1,000	1.33	3,730,500	284,708	1,180,000	89,680	4,910,500	374,388	147,484,189
	38	3/3/2022	NVL	76.4	76.7	78.0	78.0	76.2	76.7	1,600	2.09	2,968,500	228,063	1,230,000	94,710	4,198,500	322,773	150,572,863
	39	3/4/2022	NVL	78.0	78.9	77.0	79.0	77.0	78.0	-1,000	-1.28	3,890,200	303,218	1,455,000	113,490	5,345,200	416,708	148,642,442
	40	3/7/2022	NVL	77.0	76.5	76.0	76.9	75.5	76.0	-1,000	-1.30	4,004,500	304,260	2,360,000	176,360	6,364,500	480,620	146,712,020
	41	3/8/2022	NVL	76.0	75.6	76.0	76.4	75.1	75.7	0	0.00	3,460,700	262,129	1,050,000	79,800	4,510,700	341,929	146,712,020
	42	3/9/2022	NVL	76.0	76.4	76.5	76.8	75.5	76.2	500	0.66	3,224,400	245,772	1,540,000	117,040	4,764,400	362,812	147,677,231
	43	3/10/2022	NVL	76.5	77.0	77.0	79.5	76.4	77.5	500	0.65	5,405,900	418,889	970,000	74,690	6,375,900	493,579	148,642,442
	44	3/11/2022	NVL	77.0	78.0	77.2	78.4	76.5	77.1	200	0.26	3,420,600	263,606	1,642,000	126,434	5,062,600	390,040	149,028,526
	45	3/14/2022	NVL	77.2	76.7	76.5	77.4	75.4	76.1	-700	-0.91	4,530,400	344,796	1,380,000	106,260	5,910,400	451,056	147,677,231
	46	3/15/2022	NVL	76.5	75.8	76.6	77.2	75.5	75.8	100	0.13	3,973,700	301,450	1,370,060	105,465	5,343,760	406,915	147,870,273
	47	3/16/2022	NVL	76.6	76.9	77.4	78.4	76.2	77.3	800	1.04	3,574,200	276,383	1,090,000	83,820	4,664,200	360,203	149,414,610
	48	3/17/2022	NVL	77.4	77.4	76.6	78.5	76.5	77.4	-800	-1.03	3,602,100	278,808	920,000	71,760	4,522,100	350,568	147,870,273
	49	3/18/2022	NVL	76.6	76.8	77.1	77.1	75.2	75.9	500	0.65	5,003,700	381,219	850,000	64,600	5,853,700	445,819	148,835,484
	50	3/21/2022	NVL	77.1	77.3	82.4	82.4	76.6	79.8	5,300	6.87	7,255,400	578,614	1,290,000	100,620	8,545,400	679,234	159,066,717
	51	3/22/2022	NVL	82.4	85.0	84.1	86.7	83.5	85.0	1,700	2.06	7,102,700	603,622	1,370,000	115,250	8,472,700	718,872	162,348,433
	52	3/23/2022	NVL	84.1	85.5	83.8	85.7	83.3	84.2	-300	-0.36	7,524,300	633,737	740,000	62,160	8,264,300	695,897	161,769,307
	53	3/24/2022	NVL	83.8	84.0	82.8	84.5	82.4	83.2	-1,000	-1.19	7,178,100	597,098	720,000	60,480	7,898,100	657,578	159,838,885
	54	3/25/2022	NVL	82.8	82.8	83.6	85.3	82.8	83.8	800	0.97	5,584,600	467,839	1,400,000	115,950	6,984,600	583,789	161,383,222
	55	3/28/2022	NVL	83.6	83.5	82.5	83.5	82.2	82.7	-1,100	-1.32	6,222,900	514,549	333,800	27,722	6,556,700	542,271	159,259,759
	56	3/29/2022	NVL	82.5	82.5	82.5	83.3	82.1	82.6	0	0.00	4,145,300	342,362	0	0	4,145,300	342,362	159,259,759
	57	3/30/2022	NVL	82.5	82.4	80.0	82.5	79.8	81.1	-2,500	-3.03	6,164,300	499,736	300,000	24,750	6,464,300	524,486	154,433,706
	58	3/31/2022	NVL	80.0	80.0	80.1	81.0	79.9	80.3	100	0.13	2,626,900	210,935	250,000	20,000	2,876,900	230,935	154,626,748
	59	4/1/2022	NVL	80.1	80.1	82.6	82.6	78.7	80.0	2,500	3.12	4,868,100	389,985	350,000	27,735	5,218,100	417,720	159,452,801
	60	4/4/2022	NVL	82.6	82.8	86.5	87.6	82.6	84.6	3,900	4.72	6,134,300	519,299	820,000	68,060	6,954,300	587,359	166,981,444
	61	4/5/2022	NVL	86.5	85.8	87.7	88.0	84.6	86.7	1,200	1.39	5,672,500	492,262	1,050,000	90,300	6,722,500	582,562	169,297,950
	62	4/6/2022	NVL	87.7	88.2	86.3	88.3	84.8	86.5	-1,400	-1.60	6,803,500	588,477	1,002,647	87,038	7,806,147	675,515	166,595,360
	63	4/7/2022	NVL	86.3	85.7	84.6	86.0	84.2	84.8	-1,700	-1.97	5,536,200	469,325	1,026,740	87,273	6,562,940	556,598	163,313,644
	64	4/8/2022	NVL	84.6	83.8	85.4	86.4	83.7	85.0	800	0.95	6,060,900	515,542	1,070,000	90,430	7,130,900	605,972	164,857,981
	65	4/12/2022	NVL	85.4	85.5	85.0	86.4	84.7	85.4	-400	-0.47	3,935,300	335,806	1,032,071	84,616	4,967,371	420,422	164,085,812
	66	4/13/2022	NVL	85.0	85.7	86.5	87.8	84.4	85.6	1,500	1.76	5,928,200	507,745	676,404	57,494	6,604,604	565,239	166,981,444
	67	4/14/2022	NVL	86.5	86.5	85.0	87.8	84.0	86.5	-1,500	-1.73	6,662,400	576,000	4,212,195	358,637	10,874,595	934,637	164,085,812
	68	4/15/2022	NVL	85.0	84.2	84.1	85.1	84.1	84.5	-900	-1.06	2,741,000	231,728	715,000	60,645	3,456,000	292,373	162,348,433
	69	4/18/2022	NVL	84.1	83.0	82.2	83.5	81.7	82.5	-1,900	-2.26	3,329,400	274,486	910,000	75,530	4,239,400	350,016	158,680,632
	70	4/19/2022	NVL	82.2	82.5	82.0	82.8	81.6	82.2	-200	-0.24	3,030,000	249,140	550,000	45,100	3,580,000	294,240	158,294,548
	71	4/20/2022	NVL	82.0	82.3	81.4	82.5	80.6	81.6	-600	-0.73	3,466,600	282,843	1,168,402	95,312	4,635,002	378,155	157,136,295
	72	4/21/2022	NVL	81.4	81.0	80.1	81.1	79.6	80.2	-1,300	-1.60	4,662,100	373,714	930,063	75,317	5,592,163	449,031	154,626,748
	73	4/22/2022	NVL	80.1	80.5	81.0	81.2	80.1	80.7	900	1.12	2,613,900	210,916	710,000	57,510	3,323,900	268,426	156,364,127
	74	4/25/2022	NVL	81.0	82.2	80.1	82.2	79.0	80.2	-900	-1.11	3,656,200	293,332	920,072	74,506	4,576,272	367,838	154,626,748
	75	4/26/2022	NVL	80.1	80.1	81.0	82.0	79.2	80.1	900	1.12	4,528,900	362,982	200,100	16,008	4,729,000	378,990	156,364,127
	76	4/27/2022	NVL	81.0	81.0	81.3	81.3	79.9	80.4	300	0.37	2,142,900	172,464	390,100	31,590	2,533,000	204,054	158,512,685
	77	4/28/2022	NVL	81.3	81.3	81.7	82.0	80.6	81.2	400	0.49	3,173,600	257,789	255,172	20,745	3,428,772	278,534	159,292,575
	78	4/29/2022	NVL	81.7	81.9	82.0	82.8	80.8	82.0	300	0.37	3,227,000	264,636	190,000	15,580	3,417,000	280,216	159,877,493
Evaluation Only. Created with Aspose.Cells for Java.Copyright 2003 - 2018 Aspose Pty Ltd.