
						THỐNG KÊ GIAO DỊCH												
						Ngày xuất:	8/12/2022 2:47 PM											




	STT	Ngày	Mã	"Tham
 chiếu"	"Mở 
cửa"	"Đóng
 cửa"	"Cao
nhất"	"Thấp
 nhất"	"Trung
 bình"	Thay đổi giá		GD khớp lệnh		GD thỏa thuận		Tổng giao dịch		"Vốn hóa
 thị trường"
										+/-	%	KL	GT	KL	GT	KL	GT	
	1	1/4/2022	BID	37.1	37.6	37.4	38.0	37.3	37.5	300	0.81	1,769,200	66,346	0	0	1,769,200	66,346	189,188,882
	2	1/5/2022	BID	37.4	37.9	37.1	37.9	36.9	37.1	-350	-0.94	1,922,200	71,400	0	0	1,922,200	71,400	187,418,398
	3	1/6/2022	BID	37.1	36.5	38.0	38.8	36.3	37.7	950	2.56	5,998,800	226,402	0	0	5,998,800	226,402	192,223,998
	4	1/7/2022	BID	38.0	38.7	39.2	39.5	37.7	38.7	1,200	3.16	4,367,700	168,981	0	0	4,367,700	168,981	198,294,229
	5	1/10/2022	BID	39.2	39.2	38.9	40.3	38.8	39.6	-350	-0.89	3,180,600	125,793	0	0	3,180,600	125,793	196,523,745
	6	1/11/2022	BID	38.9	38.8	39.4	39.9	38.3	39.2	550	1.42	4,276,500	167,667	0	0	4,276,500	167,667	199,305,934
	7	1/12/2022	BID	39.4	39.4	42.2	42.2	39.4	40.8	2,750	6.98	8,028,300	327,639	0	0	8,028,300	327,639	213,216,882
	8	1/13/2022	BID	42.2	42.5	44.0	45.1	42.5	44.6	1,850	4.39	9,664,800	430,177	50,000	1,960	9,714,800	432,137	222,575,155
	9	1/14/2022	BID	44.0	43.3	44.3	45.1	43.3	44.2	250	0.57	3,265,400	144,486	0	0	3,265,400	144,486	223,839,787
	10	1/17/2022	BID	44.3	44.0	43.7	47.0	43.6	45.4	-600	-1.36	7,741,100	350,911	120,000	4,944	7,861,100	355,855	220,804,671
	11	1/18/2022	BID	43.7	43.4	44.9	45.5	43.4	44.3	1,250	2.86	4,849,200	214,717	0	0	4,849,200	214,717	227,127,829
	12	1/19/2022	BID	44.9	45.1	43.7	45.8	43.6	44.2	-1,250	-2.78	2,972,800	131,427	0	0	2,972,800	131,427	220,804,671
	13	1/20/2022	BID	43.7	43.1	46.7	46.7	42.3	44.6	3,050	6.99	5,637,900	251,862	20,000	812	5,657,900	252,674	236,233,062
	14	1/21/2022	BID	46.7	47.1	47.4	48.8	46.5	47.7	650	1.39	4,570,000	217,937	0	0	4,570,000	217,937	239,521,103
	15	1/24/2022	BID	47.4	46.9	46.9	48.5	46.9	47.5	-450	-0.95	4,165,100	197,754	0	0	4,165,100	197,754	237,244,767
	16	1/25/2022	BID	46.9	46.3	49.0	49.0	45.9	47.1	2,100	4.48	4,703,200	222,495	0	0	4,703,200	222,495	247,867,667
	17	1/26/2022	BID	49.0	49.5	48.1	50.0	48.1	49.2	-900	-1.84	4,052,900	199,245	0	0	4,052,900	199,245	243,314,996
	18	1/27/2022	BID	48.1	48.0	47.6	48.5	47.4	0.0	-500	-1.04	1,921,100	91,785	0	0	1,921,100	91,785	240,785,734
	19	1/28/2022	BID	47.6	47.6	48.0	49.0	47.3	48.3	350	0.74	2,956,900	142,668	0	0	2,956,900	142,668	242,556,217
	20	2/7/2022	BID	48.0	48.4	47.4	48.6	47.2	47.8	-550	-1.15	3,477,200	166,169	0	0	3,477,200	166,169	239,774,029
	21	2/8/2022	BID	47.4	47.4	47.4	48.4	46.5	47.5	-50	-0.11	2,672,600	126,932	0	0	2,672,600	126,932	239,521,103
	22	2/9/2022	BID	47.4	47.3	48.4	48.9	47.0	47.7	1,050	2.22	4,562,000	217,967	0	0	4,562,000	217,967	244,832,553
	23	2/10/2022	BID	48.4	48.6	48.4	48.9	48.0	48.4	0	0.00	2,741,500	132,805	0	0	2,741,500	132,805	244,832,553
	24	2/11/2022	BID	48.4	48.2	47.9	48.5	47.8	48.1	-500	-1.03	1,716,100	82,619	0	0	1,716,100	82,619	242,303,291
	25	2/14/2022	BID	47.9	47.2	44.8	47.6	44.8	46.5	-3,150	-6.58	7,129,000	329,293	0	0	7,129,000	329,293	226,368,941
	26	2/15/2022	BID	44.8	44.9	46.2	46.3	44.4	45.3	1,450	3.24	3,694,100	167,421	0	0	3,694,100	167,421	233,703,800
	27	2/16/2022	BID	46.2	46.1	45.2	46.1	44.7	45.3	-1,050	-2.27	2,795,800	126,509	0	0	2,795,800	126,509	228,392,350
	28	2/17/2022	BID	45.2	45.7	46.0	46.0	44.7	45.3	850	1.88	1,790,200	81,316	0	0	1,790,200	81,316	232,692,096
	29	2/18/2022	BID	46.0	45.5	44.7	46.1	44.7	45.3	-1,300	-2.83	2,995,400	135,340	0	0	2,995,400	135,340	226,116,015
	30	2/21/2022	BID	44.7	44.8	45.3	45.5	43.7	44.4	550	1.23	2,957,200	131,335	0	0	2,957,200	131,335	228,898,203
	31	2/22/2022	BID	45.3	44.9	46.0	46.0	44.7	45.3	750	1.66	2,290,300	103,895	0	0	2,290,300	103,895	232,692,096
	32	2/23/2022	BID	46.0	46.5	45.6	46.9	45.5	46.2	-400	-0.87	2,954,000	136,501	0	0	2,954,000	136,501	230,668,686
	33	2/24/2022	BID	45.6	45.3	44.6	45.6	43.6	44.7	-1,000	-2.19	3,385,900	151,202	0	0	3,385,900	151,202	225,610,162
	34	2/25/2022	BID	44.6	44.6	44.6	45.6	44.5	44.9	-50	-0.11	2,347,500	105,327	0	0	2,347,500	105,327	225,357,236
	35	2/28/2022	BID	44.6	44.3	43.7	44.6	43.7	44.0	-850	-1.91	2,699,000	118,627	0	0	2,699,000	118,627	221,057,491
	36	3/1/2022	BID	43.7	43.8	44.1	45.0	43.6	44.2	400	0.92	2,395,600	105,768	0	0	2,395,600	105,768	223,080,900
	37	3/2/2022	BID	44.1	43.7	42.5	44.0	42.4	43.2	-1,650	-3.74	3,090,100	133,292	0	0	3,090,100	133,292	214,734,336
	38	3/3/2022	BID	42.5	42.4	42.8	43.2	42.0	42.5	350	0.82	2,473,700	105,117	0	0	2,473,700	105,117	216,504,819
	39	3/4/2022	BID	42.8	42.8	43.3	43.5	42.5	43.0	500	1.17	1,660,800	71,367	0	0	1,660,800	71,367	219,034,081
	40	3/7/2022	BID	43.3	42.8	42.3	42.8	42.2	42.4	-1,050	-2.42	2,266,100	96,106	0	0	2,266,100	96,106	213,722,631
	41	3/8/2022	BID	42.3	41.8	41.6	42.6	41.4	41.9	-650	-1.54	2,585,800	108,253	0	0	2,585,800	108,253	210,434,591
	42	3/9/2022	BID	41.6	41.6	40.5	41.9	40.5	41.1	-1,100	-2.64	1,970,700	80,783	0	0	1,970,700	80,783	204,870,215
	43	3/10/2022	BID	40.5	41.5	41.0	42.0	41.0	41.6	450	1.11	1,563,100	64,902	0	0	1,563,100	64,902	207,146,550
	44	3/11/2022	BID	41.0	41.0	41.9	41.9	41.0	41.3	900	2.20	1,476,500	60,992	0	0	1,476,500	60,992	211,699,222
	45	3/14/2022	BID	41.9	41.9	41.3	42.2	41.3	41.8	-550	-1.31	1,337,300	55,789	0	0	1,337,300	55,789	208,917,034
	46	3/15/2022	BID	41.3	41.3	42.1	42.2	41.0	41.6	800	1.94	1,515,300	63,115	0	0	1,515,300	63,115	212,963,853
	47	3/16/2022	BID	42.1	42.3	41.6	42.3	41.5	41.8	-500	-1.19	1,331,400	55,679	0	0	1,331,400	55,679	210,434,591
	48	3/17/2022	BID	41.6	42.2	43.5	44.3	41.0	42.6	1,900	4.57	5,819,900	248,392	0	0	5,819,900	248,392	220,045,786
	49	3/18/2022	BID	43.5	43.7	43.9	44.6	43.5	44.1	400	0.92	2,786,600	122,903	0	0	2,786,600	122,903	222,069,196
	50	3/21/2022	BID	43.9	43.9	43.8	44.1	43.3	43.6	-100	-0.23	1,279,000	55,790	0	0	1,279,000	55,790	221,563,343
	51	3/22/2022	BID	43.8	43.8	43.5	44.0	43.2	43.6	-300	-0.68	2,825,000	123,127	0	0	2,825,000	123,127	220,045,786
	52	3/23/2022	BID	43.5	43.5	43.4	44.4	43.2	43.8	-100	-0.23	1,995,900	87,442	0	0	1,995,900	87,442	219,539,934
	53	3/24/2022	BID	43.4	43.4	43.1	43.5	43.0	43.2	-300	-0.69	1,287,000	55,609	0	0	1,287,000	55,609	218,022,376
	54	3/25/2022	BID	43.1	43.2	43.5	43.9	42.6	43.3	350	0.81	1,969,000	85,254	0	0	1,969,000	85,254	219,792,860
	55	3/28/2022	BID	43.5	43.0	41.6	43.5	41.5	42.2	-1,850	-4.26	3,983,900	168,105	0	0	3,983,900	168,105	210,434,591
	56	3/29/2022	BID	41.6	41.7	42.4	42.5	41.5	41.9	800	1.92	1,733,800	72,725	0	0	1,733,800	72,725	214,481,410
	57	3/30/2022	BID	42.4	42.1	43.6	45.0	41.7	43.5	1,150	2.71	3,512,800	152,675	0	0	3,512,800	152,675	220,298,712
	58	3/31/2022	BID	43.6	43.8	43.5	44.0	43.4	43.6	-50	-0.11	1,444,000	62,943	0	0	1,444,000	62,943	220,045,786
	59	4/1/2022	BID	43.5	43.5	44.4	44.5	43.4	44.0	850	1.95	3,165,900	139,314	0	0	3,165,900	139,314	224,345,531
	60	4/4/2022	BID	44.4	45.0	44.3	45.0	44.3	44.7	-100	-0.23	2,081,900	92,954	0	0	2,081,900	92,954	223,839,679
	61	4/5/2022	BID	44.3	43.5	43.3	43.8	43.2	43.5	-950	-2.15	2,905,000	126,194	0	0	2,905,000	126,194	219,034,081
	62	4/6/2022	BID	43.3	43.0	43.5	43.8	42.7	43.1	200	0.46	3,242,600	139,789	0	0	3,242,600	139,789	220,045,786
	63	4/7/2022	BID	43.5	43.5	43.1	44.4	43.1	43.9	-450	-1.03	3,152,800	138,345	0	0	3,152,800	138,345	217,769,450
	64	4/8/2022	BID	43.1	43.0	41.9	43.2	41.8	42.3	-1,150	-2.67	3,146,100	132,936	0	0	3,146,100	132,936	211,952,148
	65	4/12/2022	BID	41.9	42.3	40.5	42.3	40.5	41.0	-1,450	-3.46	3,187,500	130,622	0	0	3,187,500	130,622	204,617,288
	66	4/13/2022	BID	40.5	40.5	40.9	41.4	40.1	40.7	450	1.11	1,996,100	81,283	0	0	1,996,100	81,283	206,893,624
	67	4/14/2022	BID	40.9	41.4	40.5	41.4	40.5	40.8	-400	-0.98	1,890,900	77,148	0	0	1,890,900	77,148	204,870,215
	68	4/15/2022	BID	40.5	40.6	39.3	41.2	39.0	40.1	-1,200	-2.96	2,508,700	100,506	0	0	2,508,700	100,506	198,799,986
	69	4/18/2022	BID	39.3	39.6	38.0	39.7	37.8	38.5	-1,350	-3.44	2,820,600	108,655	0	0	2,820,600	108,655	191,970,979
	70	4/19/2022	BID	38.0	38.4	38.0	39.2	37.5	38.4	0	0.00	2,322,500	89,206	0	0	2,322,500	89,206	191,970,979
	71	4/20/2022	BID	38.0	38.0	38.0	38.8	37.9	38.2	0	0.00	1,458,300	55,649	0	0	1,458,300	55,649	191,970,979
	72	4/21/2022	BID	38.0	37.9	38.5	38.8	37.7	38.1	550	1.45	2,094,100	79,903	0	0	2,094,100	79,903	194,753,167
	73	4/22/2022	BID	38.5	38.6	38.5	39.1	38.0	38.6	0	0.00	2,628,900	101,505	0	0	2,628,900	101,505	194,753,167
	74	4/25/2022	BID	38.5	38.5	35.9	38.6	35.9	36.8	-2,650	-6.88	2,945,400	108,230	0	0	2,945,400	108,230	181,348,079
	75	4/26/2022	BID	35.9	35.2	36.9	37.3	35.2	36.3	1,050	2.93	1,857,800	67,412	0	0	1,857,800	67,412	186,659,529
	76	4/27/2022	BID	36.9	37.0	37.2	37.5	36.5	37.0	300	0.81	748,100	27,655	0	0	748,100	27,655	188,177,086
	77	4/28/2022	BID	37.2	37.2	36.7	37.2	36.7	36.9	-500	-1.34	974,900	35,961	0	0	974,900	35,961	185,647,824
	78	4/29/2022	BID	36.7	36.9	37.3	37.8	36.8	37.3	550	1.50	1,518,600	56,699	0	0	1,518,600	56,699	188,430,012
Evaluation Only. Created with Aspose.Cells for Java.Copyright 2003 - 2018 Aspose Pty Ltd.