
						THỐNG KÊ GIAO DỊCH												
						Ngày xuất:	8/12/2022 2:48 PM											




	STT	Ngày	Mã	"Tham
 chiếu"	"Mở 
cửa"	"Đóng
 cửa"	"Cao
nhất"	"Thấp
 nhất"	"Trung
 bình"	Thay đổi giá		GD khớp lệnh		GD thỏa thuận		Tổng giao dịch		"Vốn hóa
 thị trường"
										+/-	%	KL	GT	KL	GT	KL	GT	
	1	1/4/2022	PDR	95.2	95.2	94.8	95.7	94.1	95.0	-400	-0.42	3,572,300	339,174	212,540	20,000	3,784,840	359,174	46,714,778
	2	1/5/2022	PDR	94.8	94.5	93.8	95.0	93.0	93.8	-1,000	-1.05	3,756,000	352,153	34,300	3,025	3,790,300	355,178	46,222,006
	3	1/6/2022	PDR	93.8	93.4	93.8	93.9	92.5	93.1	0	0.00	2,962,900	275,817	140,400	12,974	3,103,300	288,791	46,222,006
	4	1/7/2022	PDR	93.8	93.7	93.0	94.9	92.3	93.3	-800	-0.85	3,724,100	347,496	0	0	3,724,100	347,496	45,827,788
	5	1/10/2022	PDR	93.0	93.0	93.5	93.9	92.8	93.5	500	0.54	3,419,000	319,547	34,300	3,413	3,453,300	322,960	46,074,174
	6	1/11/2022	PDR	93.5	93.5	92.6	93.5	92.0	92.7	-900	-0.96	3,549,700	328,958	33,400	3,340	3,583,100	332,298	45,630,679
	7	1/12/2022	PDR	92.6	92.4	90.0	92.7	90.0	91.4	-2,600	-2.81	4,007,200	365,994	0	0	4,007,200	365,994	44,349,472
	8	1/13/2022	PDR	90.0	90.0	90.5	92.5	89.6	90.9	500	0.56	4,176,800	379,690	1,152,300	107,371	5,329,100	487,061	44,595,858
	9	1/14/2022	PDR	90.5	90.5	91.8	92.0	89.7	90.7	1,300	1.44	3,820,900	346,512	33,400	2,812	3,854,300	349,324	45,236,462
	10	1/17/2022	PDR	91.8	91.6	86.5	92.6	85.8	89.6	-5,300	-5.77	3,248,300	290,515	0	0	3,248,300	290,515	42,624,771
	11	1/18/2022	PDR	86.5	86.5	88.0	89.2	86.2	87.7	1,500	1.73	4,226,100	370,487	460,000	39,790	4,686,100	410,277	43,363,929
	12	1/19/2022	PDR	88.0	88.0	89.0	92.0	87.9	90.0	1,000	1.14	4,774,300	429,619	0	0	4,774,300	429,619	43,856,701
	13	1/20/2022	PDR	89.0	88.9	90.0	92.0	88.6	90.0	1,000	1.12	4,106,400	369,548	586,000	52,740	4,692,400	422,288	44,349,472
	14	1/21/2022	PDR	90.0	90.0	89.8	91.2	89.3	90.0	-200	-0.22	3,710,000	334,015	400,000	36,000	4,110,000	370,015	44,250,918
	15	1/24/2022	PDR	89.8	89.8	85.4	90.2	84.1	87.6	-4,400	-4.90	3,429,800	300,300	656,400	58,741	4,086,200	359,041	42,082,722
	16	1/25/2022	PDR	85.4	85.2	90.0	91.3	84.3	87.0	4,600	5.39	4,175,100	363,463	113,400	9,979	4,288,500	373,442	44,349,472
	17	1/26/2022	PDR	90.0	90.2	86.8	90.9	86.4	89.3	-3,200	-3.56	2,973,000	265,444	394,500	35,505	3,367,500	300,949	42,772,602
	18	1/27/2022	PDR	86.8	87.0	87.5	88.9	86.0	0.0	700	0.81	2,913,900	253,958	629,300	54,692	3,543,200	308,650	43,117,543
	19	1/28/2022	PDR	87.5	87.7	90.8	90.8	87.5	88.6	3,300	3.77	3,435,800	304,667	150,000	13,125	3,585,800	317,792	44,743,690
	20	2/7/2022	PDR	90.8	91.2	91.0	92.0	90.4	90.9	200	0.22	2,948,400	268,009	152,000	13,300	3,100,400	281,309	44,842,244
	21	2/8/2022	PDR	91.0	90.8	89.0	91.3	88.4	89.5	-2,000	-2.20	2,892,800	258,867	1,124,000	102,985	4,016,800	361,852	43,856,701
	22	2/9/2022	PDR	89.0	88.9	90.8	91.8	88.0	89.6	1,800	2.02	4,110,000	368,290	0	0	4,110,000	368,290	44,743,690
	23	2/10/2022	PDR	90.8	91.0	90.0	91.4	89.9	90.5	-800	-0.88	3,154,400	285,490	0	0	3,154,400	285,490	44,349,472
	24	2/11/2022	PDR	90.0	89.9	90.1	90.2	88.5	89.2	100	0.11	2,953,800	263,463	0	0	2,953,800	263,463	44,398,750
	25	2/14/2022	PDR	90.1	89.9	89.5	89.9	88.2	88.9	-600	-0.67	2,778,300	247,052	1,726,076	157,159	4,504,376	404,211	44,103,086
	26	2/15/2022	PDR	89.5	89.4	90.0	90.5	89.1	89.7	500	0.56	2,681,400	240,614	720,000	64,800	3,401,400	305,414	44,349,472
	27	2/16/2022	PDR	90.0	90.0	90.2	90.7	89.4	89.9	200	0.22	2,744,800	246,794	540,520	48,683	3,285,320	295,477	44,448,027
	28	2/17/2022	PDR	90.2	90.5	92.0	92.0	90.3	91.1	1,800	2.00	4,033,900	367,636	256,000	23,040	4,289,900	390,676	45,335,016
	29	2/18/2022	PDR	92.0	92.5	91.2	92.8	89.9	91.4	-800	-0.87	3,420,100	312,693	0	0	3,420,100	312,693	44,940,799
	30	2/21/2022	PDR	91.2	91.1	91.2	91.4	89.6	90.4	0	0.00	3,198,800	289,332	0	0	3,198,800	289,332	44,940,799
	31	2/22/2022	PDR	91.2	90.8	89.8	90.9	88.7	89.4	-1,400	-1.54	3,000,600	268,343	0	0	3,000,600	268,343	44,250,918
	32	2/23/2022	PDR	89.8	89.9	90.0	91.2	89.4	90.0	200	0.22	3,003,700	270,389	0	0	3,003,700	270,389	44,349,472
	33	2/24/2022	PDR	90.0	89.9	88.6	90.1	87.3	88.6	-1,400	-1.56	3,071,000	272,075	0	0	3,071,000	272,075	43,659,592
	34	2/25/2022	PDR	88.6	88.5	87.5	90.3	87.1	88.2	-1,100	-1.24	2,684,700	236,874	0	0	2,684,700	236,874	43,117,543
	35	2/28/2022	PDR	87.5	87.3	85.0	87.8	85.0	86.0	-2,500	-2.86	2,524,200	216,996	113,800	10,043	2,638,000	227,039	41,885,613
	36	3/1/2022	PDR	85.0	85.0	84.5	85.4	82.7	83.8	-500	-0.59	3,405,200	285,296	20,010	1,675	3,425,210	286,971	41,639,227
	37	3/2/2022	PDR	84.5	85.0	87.2	88.0	85.0	86.3	2,700	3.20	5,006,800	432,340	736,600	57,897	5,743,400	490,237	42,969,711
	38	3/3/2022	PDR	87.2	87.6	88.0	89.0	87.1	87.8	800	0.92	4,930,900	432,785	285,300	24,056	5,216,200	456,841	43,363,929
	39	3/4/2022	PDR	88.0	88.0	90.5	90.5	86.0	87.5	2,500	2.84	4,313,400	377,944	150,000	13,200	4,463,400	391,144	44,595,858
	40	3/7/2022	PDR	90.5	90.7	89.5	90.7	88.2	89.0	-1,000	-1.10	3,534,900	314,582	0	0	3,534,900	314,582	44,103,086
	41	3/8/2022	PDR	89.5	89.3	87.1	89.3	86.9	88.5	-2,400	-2.68	3,368,200	298,074	349,600	31,464	3,717,800	329,538	42,920,434
	42	3/9/2022	PDR	87.1	87.4	88.0	89.0	86.8	87.6	900	1.03	3,227,900	282,809	55,600	5,004	3,283,500	287,813	43,363,929
	43	3/10/2022	PDR	88.0	88.5	88.1	89.0	86.9	87.8	100	0.11	3,193,200	280,444	0	0	3,193,200	280,444	43,413,206
	44	3/11/2022	PDR	88.1	88.0	87.7	88.5	87.0	87.7	-400	-0.45	3,097,000	271,757	43,800	3,592	3,140,800	275,349	43,216,097
	45	3/14/2022	PDR	87.7	87.6	87.5	87.8	86.0	86.6	-200	-0.23	2,955,900	255,969	183,200	14,949	3,139,100	270,918	43,117,543
	46	3/15/2022	PDR	87.5	87.3	86.3	87.8	85.6	86.4	-1,200	-1.37	3,325,800	287,195	35,000	2,849	3,360,800	290,044	42,526,216
	47	3/16/2022	PDR	86.3	86.1	85.8	86.6	85.1	85.6	-500	-0.58	2,773,800	237,514	0	0	2,773,800	237,514	42,279,830
	48	3/17/2022	PDR	85.8	85.7	86.4	86.5	85.3	85.9	600	0.70	3,282,900	282,183	0	0	3,282,900	282,183	42,575,494
	49	3/18/2022	PDR	86.4	86.3	85.0	86.5	85.0	85.8	-1,400	-1.62	3,511,500	300,553	1,023,000	91,561	4,534,500	392,114	41,885,613
	50	3/21/2022	PDR	85.0	85.2	90.9	90.9	84.9	88.4	5,900	6.94	6,146,600	543,416	0	0	6,146,600	543,416	44,792,967
	51	3/22/2022	PDR	90.9	91.8	91.3	93.0	90.4	91.6	400	0.44	4,716,300	432,222	198,200	17,981	4,914,500	450,203	44,990,076
	52	3/23/2022	PDR	91.3	91.0	90.3	91.3	89.7	90.2	-1,000	-1.10	3,043,900	274,705	1,399,798	125,982	4,443,698	400,687	44,497,304
	53	3/24/2022	PDR	90.3	90.1	93.9	93.9	89.7	91.5	3,600	3.99	5,478,600	501,457	0	0	5,478,600	501,457	46,271,283
	54	3/25/2022	PDR	93.9	93.8	94.2	94.9	93.3	94.0	300	0.32	3,681,200	345,914	0	0	3,681,200	345,914	46,419,114
	55	3/28/2022	PDR	94.2	93.3	93.0	94.5	90.9	93.0	-1,200	-1.27	4,455,000	414,300	0	0	4,455,000	414,300	45,827,788
	56	3/29/2022	PDR	93.0	92.8	92.0	93.7	91.5	92.4	-1,000	-1.08	3,268,300	301,894	540,000	50,220	3,808,300	352,114	45,335,016
	57	3/30/2022	PDR	92.0	91.6	90.7	91.7	88.9	90.4	-1,300	-1.41	2,888,200	261,198	0	0	2,888,200	261,198	44,694,413
	58	3/31/2022	PDR	90.7	90.2	89.5	90.3	88.0	89.4	-1,200	-1.32	2,665,400	238,269	0	0	2,665,400	238,269	44,103,086
	59	4/1/2022	PDR	89.5	89.2	92.7	93.5	87.7	90.3	3,200	3.58	3,877,700	350,345	0	0	3,877,700	350,345	45,679,957
	60	4/4/2022	PDR	92.7	93.5	92.9	93.7	91.7	92.7	200	0.22	3,250,300	301,428	210,000	19,467	3,460,300	320,895	45,778,511
	61	4/5/2022	PDR	92.9	92.9	93.0	93.5	92.1	92.9	100	0.11	3,390,000	314,782	0	0	3,390,000	314,782	45,827,788
	62	4/6/2022	PDR	93.0	92.6	93.0	93.8	91.9	92.6	0	0.00	3,833,300	354,902	128,000	11,844	3,961,300	366,746	45,827,788
	63	4/7/2022	PDR	93.0	92.8	92.6	93.5	91.6	92.3	-400	-0.43	2,755,000	254,428	140,000	13,020	2,895,000	267,448	45,630,679
	64	4/8/2022	PDR	92.6	92.5	91.0	92.9	90.9	92.0	-1,600	-1.73	3,065,600	282,021	0	0	3,065,600	282,021	44,842,244
	65	4/12/2022	PDR	91.0	91.0	90.0	91.8	89.3	90.4	-1,000	-1.10	3,266,000	295,204	0	0	3,266,000	295,204	44,349,472
	66	4/13/2022	PDR	90.0	89.8	91.0	91.0	89.8	90.3	1,000	1.11	3,029,000	273,567	0	0	3,029,000	273,567	44,842,244
	67	4/14/2022	PDR	91.0	90.8	89.5	91.5	89.5	90.7	-1,500	-1.65	3,042,700	275,896	722,000	65,502	3,764,700	341,398	44,103,086
	68	4/15/2022	PDR	89.5	89.3	86.6	89.6	86.6	88.9	-2,900	-3.24	2,544,600	226,295	174,000	15,660	2,718,600	241,955	42,674,048
	69	4/18/2022	PDR	86.6	86.6	87.8	88.1	84.9	86.0	1,200	1.39	2,883,600	248,190	1,435,600	119,246	4,319,200	367,436	43,265,374
	70	4/19/2022	PDR	87.8	87.7	85.8	89.0	85.8	87.9	-2,000	-2.28	2,688,000	235,880	1,922,000	174,300	4,610,000	410,180	42,279,830
	71	4/20/2022	PDR	62.9	62.4	63.5	63.9	61.4	62.5	600	0.95	2,778,800	173,838	0	0	2,778,800	173,838	31,291,017
	72	4/21/2022	PDR	63.5	63.1	63.4	64.2	61.7	62.7	-100	-0.16	3,034,600	190,454	0	0	3,034,600	190,454	31,241,739
	73	4/22/2022	PDR	63.4	63.2	64.9	66.2	60.7	63.2	1,500	2.37	3,842,600	242,901	0	0	3,842,600	242,901	31,980,897
	74	4/25/2022	PDR	64.9	64.5	62.0	64.5	60.6	62.8	-2,900	-4.47	1,848,100	116,035	0	0	1,848,100	116,035	41,642,066
	75	4/26/2022	PDR	62.0	61.5	62.7	62.8	59.1	61.0	700	1.13	3,029,300	185,192	910,000	56,540	3,939,300	241,732	42,112,218
	76	4/27/2022	PDR	62.7	62.3	62.0	62.4	60.4	61.2	-700	-1.12	2,534,200	155,080	516,000	30,134	3,050,200	185,214	41,642,066
	77	4/28/2022	PDR	62.0	61.6	62.0	62.5	60.4	61.2	0	0.00	2,121,300	129,856	0	0	2,121,300	129,856	41,642,066
	78	4/29/2022	PDR	62.0	61.9	62.1	62.5	60.5	61.6	100	0.16	2,033,700	125,423	1,766,037	109,494	3,799,737	234,917	41,709,230
Evaluation Only. Created with Aspose.Cells for Java.Copyright 2003 - 2018 Aspose Pty Ltd.