
						THỐNG KÊ GIAO DỊCH												
						Ngày xuất:	8/12/2022 2:48 PM											




	STT	Ngày	Mã	"Tham
 chiếu"	"Mở 
cửa"	"Đóng
 cửa"	"Cao
nhất"	"Thấp
 nhất"	"Trung
 bình"	Thay đổi giá		GD khớp lệnh		GD thỏa thuận		Tổng giao dịch		"Vốn hóa
 thị trường"
										+/-	%	KL	GT	KL	GT	KL	GT	
	1	1/4/2022	HDB	30.9	31.2	31.1	31.8	31.0	31.4	250	0.81	6,809,800	213,672	0	0	6,809,800	213,672	61,957,704
	2	1/5/2022	HDB	31.1	31.0	30.5	31.3	30.5	30.7	-600	-1.93	6,545,900	200,984	295,300	8,650	6,841,200	209,634	60,762,378
	3	1/6/2022	HDB	30.5	30.1	30.5	31.1	30.0	30.3	0	0.00	6,758,800	204,690	239,200	6,793	6,998,000	211,483	60,762,378
	4	1/7/2022	HDB	30.5	30.5	30.3	30.9	30.3	30.5	-200	-0.66	4,097,600	124,848	0	0	4,097,600	124,848	60,969,936
	5	1/10/2022	HDB	30.3	30.1	29.6	30.6	29.6	30.0	-700	-2.31	5,767,800	172,812	245,900	7,967	6,013,700	180,779	59,561,390
	6	1/11/2022	HDB	29.6	29.5	29.3	30.0	29.0	29.4	-300	-1.01	4,728,700	139,219	288,600	9,102	5,017,300	148,321	58,957,727
	7	1/12/2022	HDB	29.3	29.2	31.0	31.2	29.0	29.8	1,650	5.63	5,575,800	166,555	400,000	12,040	5,975,800	178,595	62,277,872
	8	1/13/2022	HDB	31.0	31.3	30.8	32.5	30.8	31.6	-150	-0.48	10,388,600	327,881	245,900	7,082	10,634,500	334,963	61,976,041
	9	1/14/2022	HDB	30.8	30.3	30.6	31.0	30.2	30.6	-200	-0.65	2,685,100	82,282	269,200	7,783	2,954,300	90,065	61,573,599
	10	1/17/2022	HDB	30.6	30.8	29.0	31.5	29.0	30.8	-1,600	-5.23	7,549,400	230,956	195,000	5,967	7,744,400	236,923	58,354,064
	11	1/18/2022	HDB	29.0	29.3	29.6	29.9	28.5	29.2	550	1.90	4,770,700	139,165	28,000	868	4,798,700	140,033	59,460,779
	12	1/19/2022	HDB	29.6	29.6	29.0	29.8	28.7	29.2	-600	-2.03	3,126,200	91,232	1,030,000	30,465	4,156,200	121,697	58,253,454
	13	1/20/2022	HDB	29.0	28.7	28.9	29.5	28.4	28.8	-50	-0.17	4,224,200	121,801	0	0	4,224,200	121,801	58,152,844
	14	1/21/2022	HDB	28.9	29.0	29.2	30.0	28.8	29.4	300	1.04	3,996,600	117,355	28,000	784	4,024,600	118,139	58,756,506
	15	1/24/2022	HDB	29.2	29.2	29.0	29.8	28.7	29.4	-200	-0.68	4,631,300	135,897	0	0	4,631,300	135,897	58,354,064
	16	1/25/2022	HDB	29.0	29.0	30.1	30.1	29.0	29.4	1,050	3.62	4,307,300	126,906	0	0	4,307,300	126,906	60,466,884
	17	1/26/2022	HDB	30.1	30.4	30.7	31.5	30.1	30.9	650	2.16	8,119,600	250,833	1,300,000	39,650	9,419,600	290,483	61,774,820
	18	1/27/2022	HDB	30.7	30.7	30.8	31.5	30.5	0.0	100	0.33	4,975,900	154,729	322,800	10,036	5,298,700	164,765	61,976,041
	19	1/28/2022	HDB	30.8	30.9	30.9	31.3	30.8	31.0	100	0.32	4,433,000	137,478	0	0	4,433,000	137,478	62,177,262
	20	2/7/2022	HDB	30.9	31.4	31.1	31.9	31.1	31.5	200	0.65	5,636,100	177,558	0	0	5,636,100	177,558	62,579,704
	21	2/8/2022	HDB	31.1	31.2	31.4	31.8	30.9	31.4	300	0.96	5,773,600	181,183	3,000,000	94,500	8,773,600	275,683	63,183,366
	22	2/9/2022	HDB	31.4	31.7	31.6	32.5	31.5	32.0	200	0.64	7,762,300	248,586	0	0	7,762,300	248,586	63,585,808
	23	2/10/2022	HDB	31.6	31.3	31.5	31.7	31.0	31.3	-100	-0.32	5,831,800	182,705	5,000,000	158,000	10,831,800	340,705	63,384,587
	24	2/11/2022	HDB	31.5	31.4	31.2	31.7	31.1	31.3	-300	-0.95	4,089,300	128,065	6,603,185	208,000	10,692,485	336,065	62,780,925
	25	2/14/2022	HDB	31.2	30.5	29.2	30.8	29.2	30.0	-2,000	-6.41	15,851,700	474,374	0	0	15,851,700	474,374	58,756,506
	26	2/15/2022	HDB	29.2	29.2	29.5	29.7	28.9	29.2	300	1.03	5,535,200	161,651	0	0	5,535,200	161,651	59,360,169
	27	2/16/2022	HDB	29.5	29.8	29.3	29.9	29.1	29.3	-250	-0.85	4,300,300	126,164	0	0	4,300,300	126,164	58,857,117
	28	2/17/2022	HDB	29.3	29.4	29.8	29.8	29.2	29.4	500	1.71	3,130,000	92,295	0	0	3,130,000	92,295	59,863,221
	29	2/18/2022	HDB	29.8	29.4	29.5	29.6	29.2	29.3	-250	-0.84	3,744,200	109,858	0	0	3,744,200	109,858	59,360,169
	30	2/21/2022	HDB	29.5	29.3	29.6	29.7	28.9	29.2	100	0.34	6,166,700	180,291	0	0	6,166,700	180,291	59,561,390
	31	2/22/2022	HDB	29.6	29.2	29.6	29.7	29.0	29.3	-50	-0.17	4,648,000	136,124	0	0	4,648,000	136,124	59,460,779
	32	2/23/2022	HDB	29.6	29.6	29.7	29.9	29.5	29.7	100	0.34	4,830,000	143,324	0	0	4,830,000	143,324	59,662,000
	33	2/24/2022	HDB	29.7	29.5	28.8	29.6	28.0	28.8	-850	-2.87	14,817,600	426,236	0	0	14,817,600	426,236	57,951,623
	34	2/25/2022	HDB	28.8	29.2	29.3	29.6	29.1	29.3	450	1.56	4,047,700	118,712	1,570,000	46,016	5,617,700	164,728	58,857,117
	35	2/28/2022	HDB	29.3	29.3	28.8	29.4	28.7	28.9	-450	-1.54	4,814,300	139,252	200,000	5,450	5,014,300	144,702	57,951,623
	36	3/1/2022	HDB	28.8	28.8	28.6	28.9	28.4	28.5	-250	-0.87	6,802,600	194,029	0	0	6,802,600	194,029	57,448,570
	37	3/2/2022	HDB	28.6	28.3	27.4	28.4	27.3	27.9	-1,200	-4.20	11,479,300	319,499	0	0	11,479,300	319,499	55,033,919
	38	3/3/2022	HDB	27.4	27.7	28.3	28.3	27.3	27.7	900	3.29	4,099,800	113,692	0	0	4,099,800	113,692	56,844,908
	39	3/4/2022	HDB	28.3	28.5	28.0	28.5	28.0	28.2	-250	-0.88	3,674,300	103,506	0	0	3,674,300	103,506	56,341,855
	40	3/7/2022	HDB	28.0	27.7	27.4	27.7	27.2	27.3	-600	-2.14	6,996,500	191,337	0	0	6,996,500	191,337	55,134,530
	41	3/8/2022	HDB	27.4	27.4	27.4	27.6	27.3	27.4	-50	-0.18	4,817,700	132,128	0	0	4,817,700	132,128	55,033,919
	42	3/9/2022	HDB	27.4	27.3	27.0	27.5	27.0	27.2	-350	-1.28	4,310,900	117,045	0	0	4,310,900	117,045	54,329,646
	43	3/10/2022	HDB	27.0	27.6	27.0	27.6	27.0	27.2	-50	-0.19	4,006,000	108,961	60,000	1,671	4,066,000	110,632	54,229,036
	44	3/11/2022	HDB	27.0	27.0	27.3	27.4	26.9	27.2	350	1.30	2,941,600	79,976	185,000	5,034	3,126,600	85,010	54,933,309
	45	3/14/2022	HDB	27.3	27.3	27.1	27.4	27.0	27.1	-200	-0.73	2,358,200	63,895	0	0	2,358,200	63,895	54,530,867
	46	3/15/2022	HDB	27.1	27.2	27.2	27.5	27.1	27.2	100	0.37	2,024,200	55,099	0	0	2,024,200	55,099	54,732,088
	47	3/16/2022	HDB	27.2	27.4	27.2	27.4	27.0	27.1	-50	-0.18	3,690,400	100,155	250,000	6,842	3,940,400	106,997	54,631,478
	48	3/17/2022	HDB	27.2	27.5	27.5	27.8	27.3	27.5	350	1.29	3,335,700	91,800	0	0	3,335,700	91,800	55,335,751
	49	3/18/2022	HDB	27.5	27.9	27.6	28.2	27.6	27.8	100	0.36	2,331,600	64,845	0	0	2,331,600	64,845	55,536,972
	50	3/21/2022	HDB	27.6	27.6	28.3	28.3	27.6	27.8	700	2.54	3,361,200	93,619	50,000	1,400	3,411,200	95,019	56,945,518
	51	3/22/2022	HDB	28.3	28.5	28.3	28.5	28.2	28.3	0	0.00	3,100,400	87,773	0	0	3,100,400	87,773	56,945,518
	52	3/23/2022	HDB	28.3	28.4	28.0	28.5	28.0	28.3	-300	-1.06	2,676,600	75,653	0	0	2,676,600	75,653	56,341,855
	53	3/24/2022	HDB	28.0	28.0	28.1	28.3	27.8	28.0	100	0.36	2,563,200	71,777	50,000	1,395	2,613,200	73,172	56,543,076
	54	3/25/2022	HDB	28.1	28.1	28.0	28.2	28.0	28.1	-150	-0.53	2,374,000	66,638	480,000	13,488	2,854,000	80,126	56,241,245
	55	3/28/2022	HDB	28.0	27.7	27.4	28.2	27.3	27.7	-550	-1.97	3,373,300	93,305	210,883	5,926	3,584,183	99,231	55,134,530
	56	3/29/2022	HDB	27.4	27.5	27.6	27.7	27.3	27.5	150	0.55	1,820,800	50,099	50,000	1,385	1,870,800	51,484	55,436,361
	57	3/30/2022	HDB	27.6	27.7	28.3	28.4	27.6	28.2	750	2.72	5,840,700	164,434	0	0	5,840,700	164,434	56,945,518
	58	3/31/2022	HDB	28.3	28.7	28.4	28.7	28.2	28.4	50	0.18	2,562,900	72,778	0	0	2,562,900	72,778	57,046,129
	59	4/1/2022	HDB	28.4	28.1	29.5	29.5	28.0	28.6	1,100	3.88	7,510,400	215,959	130,000	3,545	7,640,400	219,504	59,259,559
	60	4/4/2022	HDB	29.5	29.9	29.1	29.9	29.0	29.4	-350	-1.19	5,171,400	152,085	0	0	5,171,400	152,085	58,555,285
	61	4/5/2022	HDB	29.1	29.1	28.8	29.5	28.8	29.0	-350	-1.20	2,532,700	73,300	50,000	1,400	2,582,700	74,700	57,851,012
	62	4/6/2022	HDB	28.8	28.6	29.0	29.3	28.6	28.8	250	0.87	4,630,400	133,596	70,000	1,917	4,700,400	135,513	58,354,064
	63	4/7/2022	HDB	29.0	29.2	28.9	29.5	28.9	29.2	-100	-0.34	6,900,400	201,331	0	0	6,900,400	201,331	58,152,844
	64	4/8/2022	HDB	28.9	29.0	28.3	29.3	28.3	28.7	-650	-2.25	2,462,900	70,538	20,000	580	2,482,900	71,118	56,844,908
	65	4/12/2022	HDB	28.3	28.3	27.8	28.3	27.6	28.1	-450	-1.59	3,126,000	87,635	0	0	3,126,000	87,635	55,939,414
	66	4/13/2022	HDB	27.8	27.8	28.0	28.3	27.5	27.8	200	0.72	3,384,900	94,034	50,000	1,390	3,434,900	95,424	56,341,855
	67	4/14/2022	HDB	28.0	28.0	27.3	28.1	27.3	27.7	-700	-2.50	3,783,800	104,539	0	0	3,783,800	104,539	54,933,309
	68	4/15/2022	HDB	27.3	27.3	26.3	27.5	26.3	26.8	-1,000	-3.66	5,895,200	158,004	0	0	5,895,200	158,004	52,921,100
	69	4/18/2022	HDB	26.3	26.3	26.0	26.7	25.6	26.2	-300	-1.14	3,617,400	94,657	50,000	1,380	3,667,400	96,037	52,317,437
	70	4/19/2022	HDB	26.0	26.4	25.9	26.5	25.9	26.2	-100	-0.38	3,081,000	80,554	39,000	1,014	3,120,000	81,568	52,116,216
	71	4/20/2022	HDB	25.9	25.9	25.8	26.2	25.7	26.0	-150	-0.58	3,150,300	81,728	151,800	4,205	3,302,100	85,933	51,814,385
	72	4/21/2022	HDB	25.8	25.7	24.9	25.8	24.1	25.2	-850	-3.30	4,749,600	119,583	23,219,227	597,895	27,968,827	717,478	50,104,007
	73	4/22/2022	HDB	24.9	25.2	25.2	25.7	24.7	25.2	250	1.00	3,343,400	84,220	0	0	3,343,400	84,220	50,607,059
	74	4/25/2022	HDB	25.2	25.2	23.6	25.4	23.4	24.5	-1,600	-6.36	4,043,700	98,821	690,883	17,376	4,734,583	116,197	47,387,525
	75	4/26/2022	HDB	23.6	23.0	24.5	24.6	22.7	23.8	950	4.03	4,387,900	104,590	22,500,000	531,000	26,887,900	635,590	49,299,123
	76	4/27/2022	HDB	24.5	24.3	25.0	25.2	24.0	24.3	500	2.04	2,477,600	60,355	64,000	1,551	2,541,600	61,906	50,305,228
	77	4/28/2022	HDB	25.0	25.0	25.2	25.5	25.0	25.2	200	0.80	2,841,700	71,743	0	0	2,841,700	71,743	50,707,670
	78	4/29/2022	HDB	25.2	25.4	25.3	25.5	25.0	25.3	100	0.40	2,248,100	56,819	0	0	2,248,100	56,819	50,908,891
Evaluation Only. Created with Aspose.Cells for Java.Copyright 2003 - 2018 Aspose Pty Ltd.