
						THỐNG KÊ GIAO DỊCH												
						Ngày xuất:	8/12/2022 2:48 PM											




	STT	Ngày	Mã	"Tham
 chiếu"	"Mở 
cửa"	"Đóng
 cửa"	"Cao
nhất"	"Thấp
 nhất"	"Trung
 bình"	Thay đổi giá		GD khớp lệnh		GD thỏa thuận		Tổng giao dịch		"Vốn hóa
 thị trường"
										+/-	%	KL	GT	KL	GT	KL	GT	
	1	1/4/2022	MWG	135.9	135.9	137.8	139.2	134.9	136.5	1,900	1.40	1,327,900	181,292	0	0	1,327,900	181,292	98,228,456
	2	1/5/2022	MWG	137.8	137.8	137.1	139.3	137.1	138.1	-700	-0.51	1,178,700	162,732	1,155,900	168,807	2,334,600	331,539	97,729,472
	3	1/6/2022	MWG	137.1	137.1	137.5	138.8	136.5	137.6	400	0.29	771,100	106,138	2,711,300	394,604	3,482,400	500,742	98,014,606
	4	1/7/2022	MWG	137.5	137.5	135.5	137.5	135.5	136.4	-2,000	-1.45	921,200	125,541	4,757,200	699,784	5,678,400	825,325	96,588,939
	5	1/10/2022	MWG	135.5	135.5	133.0	135.5	133.0	134.1	-2,500	-1.85	927,000	124,320	4,543,400	658,339	5,470,400	782,659	94,806,855
	6	1/11/2022	MWG	133.0	133.0	131.8	134.5	131.7	132.7	-1,200	-0.90	773,400	102,630	1,265,100	180,024	2,038,500	282,654	93,951,455
	7	1/12/2022	MWG	131.8	131.8	136.0	136.0	130.0	130.8	4,200	3.19	928,600	122,503	376,200	53,044	1,304,800	175,547	96,945,355
	8	1/13/2022	MWG	136.0	136.5	135.5	136.5	132.0	134.8	-500	-0.37	925,000	124,844	1,715,900	248,107	2,640,900	372,951	96,588,939
	9	1/14/2022	MWG	135.5	135.0	134.0	135.0	133.2	134.3	-1,500	-1.11	468,400	62,887	1,451,500	208,832	1,919,900	271,719	95,519,688
	10	1/17/2022	MWG	134.0	133.0	130.0	133.9	130.0	132.7	-4,000	-2.99	817,400	108,054	97,400	13,957	914,800	122,011	92,668,354
	11	1/18/2022	MWG	130.0	129.0	130.1	132.0	128.6	130.1	100	0.08	816,200	106,205	1,747,800	243,119	2,564,000	349,324	92,739,638
	12	1/19/2022	MWG	130.1	130.2	133.5	134.0	130.0	132.0	3,400	2.61	954,800	126,072	921,550	128,280	1,876,350	254,352	95,163,272
	13	1/20/2022	MWG	133.5	133.0	134.0	134.0	132.1	132.7	500	0.37	896,900	119,411	338,000	48,266	1,234,900	167,677	95,519,688
	14	1/21/2022	MWG	134.0	134.0	133.2	134.0	131.3	132.5	-800	-0.60	655,100	86,812	1,071,400	153,532	1,726,500	240,344	94,949,422
	15	1/24/2022	MWG	133.2	132.2	129.9	133.2	129.9	130.7	-3,300	-2.48	867,600	113,307	53,000	7,553	920,600	120,860	92,597,071
	16	1/25/2022	MWG	129.9	129.8	131.0	131.0	127.6	128.7	1,100	0.85	802,500	103,601	655,700	91,077	1,458,200	194,678	93,381,188
	17	1/26/2022	MWG	131.0	131.0	131.9	131.9	129.0	130.3	900	0.69	954,300	124,526	150,000	21,015	1,104,300	145,541	94,022,738
	18	1/27/2022	MWG	131.9	130.9	131.5	132.3	129.2	0.0	-400	-0.30	530,600	69,391	488,800	68,970	1,019,400	138,361	93,737,605
	19	1/28/2022	MWG	131.5	131.3	132.5	132.5	129.7	131.0	1,000	0.76	716,300	94,074	0	0	716,300	94,074	94,450,438
	20	2/7/2022	MWG	132.5	133.0	133.9	135.7	133.0	134.3	1,400	1.06	932,400	125,189	22,200	3,146	954,600	128,335	95,448,405
	21	2/8/2022	MWG	133.9	133.9	136.3	136.8	133.9	135.5	2,400	1.79	1,450,000	196,493	0	0	1,450,000	196,493	97,159,205
	22	2/9/2022	MWG	136.3	136.3	137.0	137.5	136.0	136.7	700	0.51	1,207,000	164,993	0	0	1,207,000	164,993	97,658,189
	23	2/10/2022	MWG	137.0	137.0	136.3	137.2	134.5	135.9	-700	-0.51	902,700	122,705	176,600	25,872	1,079,300	148,577	97,159,205
	24	2/11/2022	MWG	136.3	135.0	135.3	136.0	135.0	135.4	-1,000	-0.73	541,500	73,297	100,000	14,580	641,500	87,877	96,446,372
	25	2/14/2022	MWG	135.3	133.9	132.0	135.0	132.0	133.4	-3,300	-2.44	957,300	127,560	453,000	65,549	1,410,300	193,109	94,094,021
	26	2/15/2022	MWG	132.0	132.7	133.3	133.9	131.5	132.9	1,300	0.98	572,400	76,125	710,500	100,323	1,282,900	176,448	95,020,705
	27	2/16/2022	MWG	133.3	134.2	132.9	134.2	131.6	132.5	-400	-0.30	562,000	74,466	0	0	562,000	74,466	94,735,571
	28	2/17/2022	MWG	132.9	132.0	134.5	134.5	131.9	132.5	1,600	1.20	1,031,400	137,290	27,700	3,939	1,059,100	141,229	95,876,105
	29	2/18/2022	MWG	134.5	132.1	134.0	134.0	132.1	132.7	-500	-0.37	467,800	62,189	0	0	467,800	62,189	95,519,688
	30	2/21/2022	MWG	134.0	132.5	133.9	134.9	132.5	133.9	-100	-0.07	612,100	81,932	0	0	612,100	81,932	95,448,405
	31	2/22/2022	MWG	133.9	133.0	137.7	139.2	132.4	136.6	3,800	2.84	3,272,600	447,105	466,800	66,846	3,739,400	513,951	98,157,172
	32	2/23/2022	MWG	137.7	137.7	137.8	140.6	136.9	138.8	100	0.07	1,609,600	223,403	329,200	48,131	1,938,800	271,534	98,228,456
	33	2/24/2022	MWG	137.8	137.0	136.8	137.7	135.5	136.6	-1,000	-0.73	1,174,200	160,423	50,000	7,370	1,224,200	167,793	97,515,622
	34	2/25/2022	MWG	136.8	136.9	137.6	139.8	136.0	138.2	800	0.58	2,690,300	371,840	25,000	3,658	2,715,300	375,498	98,085,889
	35	2/28/2022	MWG	137.6	136.5	136.0	138.0	135.5	136.4	-1,600	-1.16	1,802,000	245,832	130,200	19,165	1,932,200	264,997	96,945,355
	36	3/1/2022	MWG	136.0	136.9	136.0	137.0	135.1	135.9	0	0.00	1,210,200	164,471	0	0	1,210,200	164,471	96,945,355
	37	3/2/2022	MWG	136.0	135.8	134.5	135.8	134.0	134.9	-1,500	-1.10	1,670,200	225,209	100,000	14,550	1,770,200	239,759	95,876,105
	38	3/3/2022	MWG	134.5	135.0	136.5	136.5	133.6	134.8	2,000	1.49	1,057,800	142,782	78,900	11,354	1,136,700	154,136	97,301,772
	39	3/4/2022	MWG	136.5	136.5	135.8	136.6	134.6	135.3	-700	-0.51	1,073,200	145,276	949,800	138,581	2,023,000	283,857	96,802,789
	40	3/7/2022	MWG	135.8	134.5	134.2	135.0	134.0	134.4	-1,600	-1.18	1,144,500	153,788	345,100	50,143	1,489,600	203,931	95,662,255
	41	3/8/2022	MWG	134.2	134.0	134.2	134.5	132.4	133.3	0	0.00	1,996,900	266,172	400,300	57,443	2,397,200	323,615	95,662,255
	42	3/9/2022	MWG	134.2	134.1	133.8	134.1	132.5	133.1	-400	-0.30	1,148,900	153,056	170,600	24,481	1,319,500	177,537	95,377,122
	43	3/10/2022	MWG	133.8	134.0	133.5	134.0	132.6	133.1	-300	-0.22	883,000	117,559	246,500	35,274	1,129,500	152,833	95,163,272
	44	3/11/2022	MWG	133.5	133.4	133.0	133.4	132.0	132.7	-500	-0.37	653,000	86,655	120,000	17,136	773,000	103,791	94,806,855
	45	3/14/2022	MWG	133.0	132.1	131.7	132.8	129.5	130.5	-1,300	-0.98	1,226,700	160,412	0	0	1,226,700	160,412	93,880,171
	46	3/15/2022	MWG	131.7	130.7	131.4	131.4	129.0	129.9	-300	-0.23	1,005,300	130,888	127,000	17,894	1,132,300	148,782	93,666,321
	47	3/16/2022	MWG	131.4	131.2	131.4	132.0	130.0	131.4	0	0.00	1,054,600	138,618	175,500	24,658	1,230,100	163,276	93,666,321
	48	3/17/2022	MWG	131.4	131.8	130.8	132.0	130.8	131.3	-600	-0.46	691,400	90,707	361,700	50,819	1,053,100	141,526	93,238,621
	49	3/18/2022	MWG	130.8	130.8	131.6	131.8	130.8	131.4	800	0.61	791,100	103,979	102,300	14,312	893,400	118,291	93,808,888
	50	3/21/2022	MWG	131.6	132.0	134.9	134.9	131.5	133.2	3,300	2.51	921,700	122,900	1,093,200	151,408	2,014,900	274,308	96,161,238
	51	3/22/2022	MWG	134.9	135.0	135.2	136.0	133.6	135.2	300	0.22	1,046,000	141,439	130,000	18,148	1,176,000	159,587	96,375,089
	52	3/23/2022	MWG	135.2	134.7	135.0	136.4	134.6	135.6	-200	-0.15	794,300	107,730	240,200	34,733	1,034,500	142,463	96,232,522
	53	3/24/2022	MWG	135.0	135.0	134.0	135.0	133.0	134.2	-1,000	-0.74	913,200	122,502	179,800	25,963	1,093,000	148,465	95,519,688
	54	3/25/2022	MWG	134.0	134.7	138.9	140.4	133.7	137.6	4,900	3.66	3,782,700	520,807	190,000	25,532	3,972,700	546,339	99,012,572
	55	3/28/2022	MWG	138.9	139.2	144.0	144.1	138.9	142.2	5,100	3.67	3,833,100	544,953	925,417	135,481	4,758,517	680,434	102,648,023
	56	3/29/2022	MWG	144.0	145.5	146.5	149.3	144.0	146.7	2,500	1.74	2,341,100	343,356	899,400	138,508	3,240,500	481,864	107,241,584
	57	3/30/2022	MWG	146.5	145.5	144.4	146.9	140.1	144.8	-2,100	-1.43	1,692,600	245,049	274,100	41,795	1,966,700	286,844	105,704,333
	58	3/31/2022	MWG	144.4	144.0	145.8	148.5	142.5	145.6	1,400	0.97	1,798,700	261,876	221,000	32,217	2,019,700	294,093	106,729,167
	59	4/1/2022	MWG	145.8	147.5	156.0	156.0	147.1	152.8	10,200	7.00	4,130,400	631,975	200,000	31,200	4,330,400	663,175	114,195,817
	60	4/4/2022	MWG	156.0	158.5	155.0	158.7	155.0	156.6	-1,000	-0.64	1,401,900	219,473	338,600	56,512	1,740,500	275,985	113,463,792
	61	4/5/2022	MWG	155.0	153.5	155.2	156.6	153.0	154.7	200	0.13	1,260,100	194,902	130,000	18,746	1,390,100	213,648	113,610,197
	62	4/6/2022	MWG	155.2	154.0	158.8	162.0	153.4	158.9	3,600	2.32	2,980,900	473,513	220,000	36,520	3,200,900	510,033	116,245,485
	63	4/7/2022	MWG	158.8	159.8	155.0	160.1	153.6	156.2	-3,800	-2.39	3,100,900	484,111	3,781,900	640,414	6,882,800	1,124,525	113,463,792
	64	4/8/2022	MWG	155.0	155.0	150.0	155.0	150.0	152.9	-5,000	-3.23	2,207,100	336,493	833,300	137,772	3,040,400	474,265	109,803,670
	65	4/12/2022	MWG	150.0	150.0	152.7	152.7	146.0	148.6	2,700	1.80	2,644,500	394,841	1,631,800	261,904	4,276,300	656,745	111,780,136
	66	4/13/2022	MWG	152.7	151.0	156.2	157.0	150.5	152.7	3,500	2.29	3,406,000	520,444	9,552,400	1,525,310	12,958,400	2,045,754	114,342,221
	67	4/14/2022	MWG	156.2	156.2	159.5	162.8	155.0	159.7	3,300	2.11	2,925,900	467,335	66,900	10,436	2,992,800	477,771	116,757,902
	68	4/15/2022	MWG	159.5	157.5	160.2	161.9	157.2	160.0	700	0.44	2,339,800	374,329	620,000	105,772	2,959,800	480,101	117,270,319
	69	4/18/2022	MWG	160.2	161.0	160.2	162.0	159.1	160.7	0	0.00	2,616,900	420,385	316,900	54,317	2,933,800	474,702	117,270,319
	70	4/19/2022	MWG	160.2	159.7	156.0	161.1	155.0	158.6	-4,200	-2.62	3,285,000	520,237	796,200	136,469	4,081,200	656,706	114,195,817
	71	4/20/2022	MWG	156.0	155.1	156.0	159.4	153.8	156.0	0	0.00	1,900,700	296,421	300,000	50,070	2,200,700	346,491	114,195,817
	72	4/21/2022	MWG	156.0	154.2	155.5	157.5	153.7	155.2	-500	-0.32	2,304,500	357,663	0	0	2,304,500	357,663	113,829,804
	73	4/22/2022	MWG	155.5	156.6	155.8	157.0	145.1	152.4	300	0.19	4,049,300	617,483	590,000	98,117	4,639,300	715,600	114,049,412
	74	4/25/2022	MWG	155.8	154.0	144.9	155.3	144.9	147.4	-10,900	-7.00	3,711,100	546,888	459,417	71,555	4,170,517	618,443	106,070,345
	75	4/26/2022	MWG	144.9	141.0	148.8	150.9	139.0	143.4	3,900	2.69	2,718,900	390,298	1,150,750	173,131	3,869,650	563,429	108,925,240
	76	4/27/2022	MWG	148.8	146.0	147.2	147.5	143.0	144.7	-1,600	-1.08	1,718,600	248,962	680,700	105,135	2,399,300	354,097	107,754,001
	77	4/28/2022	MWG	147.2	147.5	145.0	149.0	144.8	146.6	-2,200	-1.49	1,526,100	223,663	705,500	111,116	2,231,600	334,779	106,143,547
	78	4/29/2022	MWG	145.0	145.2	149.2	150.0	145.2	147.7	4,200	2.90	1,739,800	257,639	1,177,500	182,630	2,917,300	440,269	109,218,050
Evaluation Only. Created with Aspose.Cells for Java.Copyright 2003 - 2018 Aspose Pty Ltd.